initial_pose:
  frame_id: map
  x: 0.010013580322265625
  y: 0.0032478272914886475
  yaw: 0.0
